12
27
4
1
9
23
20
16
7
7
34
4
27
24
25
12
12
10
16
17
27
5
32
13
33
14
0
30
8
32
3
32
21
8
16
8
4
8
20
20
5
29
33
35
27
26
22
3
31
33
20
13
24
36
23
36
4
10
35
31
22
11
36
36
0
3
26
26
22
25
3
7
27
30
19
2
36
8
19
33
26
34
24
23
29
2
30
21
24
27
32
0
25
19
10
34
35
7
16
26
27
31
7
21
7
24
32
29
13
2
7
12
35
19
36
6
10
4
17
1
20
7
36
16
29
17
14
32
23
22
22
16
25
29
0
11
24
3
8
32
14
35
33
32
3
15
1
25
10
9
21
32
12
3
33
2
23
4
11
33
13
7
29
1
7
32
10
23
10
17
34
10
32
20
2
25
35
15
33
26
19
31
15
19
11
30
22
26
30
16
26
8
4
26
36
21
23
21
13
31
15
35
0
13
11
31
26
2
4
20
13
29
6
19
23
3
11
4
13
17
11
21
32
20
34
8
20
23
0
13
24
1
25
3
9
14
26
27
0
9
16
3
1
1
7
19
28
36
9
3
5
8
32
23
25
19
26
8
7
26
21
2
28
29
0
7
2
29
10
13
5
23
20
27
20
30
4
8
11
11
3
35
9
36
14
30
0
32
29
25
28
36
1
28
16
25
25
9
25
12
16
17
2
7
18
14
13
29
19
9
36
4
8
7
4
20
9
17
28
22
9
22
26
6
13
36
33
32
23
12
32
15
34
15
20
11
23
35
12
10
31
23
9
11
19
15
11
2
21
0
18
2
26
35
3
23
2
32
23
3
16
25
7
2
13
32
27
13
15
17
6
9
4
5
11
26
19
19
20
18
14
4
9
36
30
29
31
22
16
2
5
29
19
14
36
7
26
24
13
14
21
14
34
14
29
36
20
18
29
26
26
19
25
17
10
32
26
16
18
27
22
14
33
18
21
17
20
1
15
13
1
5
1
17
15
11
0
34
22
10
5
6
6
8
12
3
15
31
0
33
10
0
17
8
24
32
25
14
10
33
20
27
18
4
14
15
30
22
22
24
25
21
11
26
3
22
19
34
11
17
4
7
8
13
35
7
27
14
33
15
31
36
23
30
23
35
5
28
32
11