20
27
25
8
23
21
23
25
31
14
13
14
13
30
27
9
31
13
12
18
14
13
2
23
9
35
32
23
27
17
14
4
7
20
21
11
36
18
18
35
33
13
18
8
19
30
23
4
25
25
5
3
36
36
10
13
13
8
6
6
35
33
15
5
24
15
33
30
10
15
2
15
10
14
14
22
24
22
15
27
7
29
1
31
21
0
24
16
20
12
13
21
20
26
31
18
11
34
31
28
5
31
34
28
8
13
28
12
24
23
36
13
26
27
15
31
6
10
0
28
2
5
12
16
8
33
30
36
13
27
19
33
18
6
31
19
9
21
1
36
20
30
4
34
4
28
23
27
28
34
4
24
36
3
16
21
36
23
33
18
8
8
4
8
8
27
28
14
1
35
31
11
31
8
34
31
31
33
36
24
19
9
36
35
1
1
13
8
31
19
28
9
35
7
29
0
20
17
21
30
15
13
1
29
33
10
24
10
26
25
6
11
18
10
16
2
17
6
22
3
28
35
11
23
29
20
23
8
31
10
6
2
25
2
0
18
22
22
33
33
6
18
13
7
6
29
10
24
29
24
33
36
22
23
32
35
27
24
6
2
6
12
31
23
23
28
2
28
25
2
2
22
2
4
7
18
15
29
22
0
29
11
2
1
27
36
5
32
26
22
23
33
7
12
0
22
11
17
14
15
14
0
18
32
1
4
10
34
1
36
33
23
33
24
24
4
25
31
4
19
14
8
7
34
16
27
14
24
25
36
0
36
13
19
27
3
30
15
4
21
9
28
27
30
18
33
5
8
16
19
34
19
28
13
15
22
2
31
33
29
18
9
20
36
13
35
32
24
7
13
0
23
31
2
1
20
26
3
36
4
29
34
27
32
24
11
35
1
13
21
14
5
24
36
6
19
20
5
31
24
2
32
19
5
34
22
32
15
9
27
10
22
16
0
20
21
28
24
35
35
27
8
30
12
11
8
9
27
20
16
25
6
21
17
16
31
35
6
20
36
25
3
28
25
2
27
28
3
32
22
35
7
24
17
35
25
4
0
35
3
20
2
15
14
36
18
12
30
31
33
15
13
33
23
28
21
10
33
20
27
30
29
9
18
17
18
23
21
35
11
9
28
32
22
18
14
21
14
9
10